scaffold_1	0	1000000	9.16
scaffold_1	1000000	2000000	9.42
scaffold_1	2000000	3000000	9.40
scaffold_1	3000000	4000000	8.81
scaffold_1	4000000	5000000	8.89
scaffold_1	5000000	6000000	8.71
scaffold_1	6000000	7000000	8.20
scaffold_1	7000000	8000000	8.85
scaffold_1	8000000	9000000	10.19
scaffold_1	9000000	10000000	8.93
scaffold_1	10000000	11000000	9.36
scaffold_1	11000000	12000000	9.51
scaffold_1	12000000	13000000	9.77
scaffold_1	13000000	14000000	9.88
scaffold_1	14000000	15000000	9.02
scaffold_1	15000000	16000000	9.79
scaffold_1	16000000	17000000	10.42
scaffold_1	17000000	18000000	10.63
scaffold_1	18000000	19000000	10.41
scaffold_1	19000000	20000000	12.17
scaffold_1	20000000	21000000	11.46
scaffold_1	21000000	22000000	11.20
scaffold_1	22000000	23000000	11.05
scaffold_1	23000000	24000000	11.62
scaffold_1	24000000	25000000	11.57
scaffold_1	25000000	26000000	12.95
scaffold_1	26000000	27000000	11.69
scaffold_1	27000000	28000000	11.91
scaffold_1	28000000	29000000	11.53
scaffold_1	29000000	30000000	12.44
scaffold_1	30000000	31000000	12.41
scaffold_1	31000000	32000000	12.14
scaffold_1	32000000	33000000	12.06
scaffold_1	33000000	34000000	12.83
scaffold_1	34000000	35000000	11.15
scaffold_1	35000000	36000000	11.65
scaffold_1	36000000	37000000	12.22
scaffold_1	37000000	38000000	12.31
scaffold_1	38000000	39000000	13.56
scaffold_1	39000000	40000000	12.60
scaffold_1	40000000	41000000	12.55
scaffold_1	41000000	42000000	12.46
scaffold_1	42000000	43000000	12.48
scaffold_1	43000000	44000000	11.79
scaffold_1	44000000	45000000	12.32
scaffold_1	45000000	46000000	12.51
scaffold_1	46000000	47000000	12.53
scaffold_1	47000000	48000000	12.60
scaffold_1	48000000	49000000	13.01
scaffold_1	49000000	50000000	12.40
scaffold_1	50000000	51000000	12.53
scaffold_1	51000000	52000000	12.81
scaffold_1	52000000	53000000	13.86
scaffold_1	53000000	54000000	12.34
scaffold_1	54000000	55000000	12.80
scaffold_1	55000000	56000000	12.25
scaffold_1	56000000	57000000	12.41
scaffold_1	57000000	58000000	12.50
scaffold_1	58000000	59000000	12.39
scaffold_1	59000000	60000000	12.75
scaffold_1	60000000	61000000	12.77
scaffold_1	61000000	62000000	13.31
scaffold_1	62000000	63000000	13.01
scaffold_1	63000000	64000000	12.92
scaffold_1	64000000	65000000	12.93
scaffold_1	65000000	66000000	12.77
scaffold_1	66000000	67000000	12.38
scaffold_1	67000000	68000000	13.02
scaffold_1	68000000	69000000	13.42
scaffold_1	69000000	70000000	13.21
scaffold_1	70000000	71000000	12.53
scaffold_1	71000000	72000000	13.18
scaffold_1	72000000	73000000	13.41
scaffold_1	73000000	74000000	12.77
scaffold_1	74000000	75000000	12.21
scaffold_1	75000000	76000000	11.98
scaffold_1	76000000	77000000	12.19
scaffold_1	77000000	78000000	12.33
scaffold_1	78000000	79000000	13.75
scaffold_1	79000000	80000000	12.89
scaffold_1	80000000	81000000	12.16
scaffold_1	81000000	82000000	12.76
scaffold_1	82000000	83000000	12.86
scaffold_1	83000000	84000000	12.64
scaffold_1	84000000	85000000	12.46
scaffold_1	85000000	86000000	12.48
scaffold_1	86000000	87000000	11.80
scaffold_1	87000000	88000000	12.51
scaffold_1	88000000	89000000	12.26
scaffold_1	89000000	90000000	13.07
scaffold_1	90000000	91000000	11.97
scaffold_1	91000000	92000000	12.69
scaffold_1	92000000	93000000	11.90
scaffold_1	93000000	94000000	12.61
scaffold_1	94000000	95000000	13.02
scaffold_1	95000000	96000000	12.51
scaffold_1	96000000	97000000	12.98
scaffold_1	97000000	98000000	14.26
scaffold_1	98000000	99000000	12.75
scaffold_1	99000000	100000000	13.25
scaffold_1	100000000	101000000	13.09
scaffold_1	101000000	102000000	13.17
scaffold_1	102000000	103000000	13.29
scaffold_1	103000000	104000000	13.24
scaffold_1	104000000	105000000	13.55
scaffold_1	105000000	106000000	13.36
scaffold_1	106000000	107000000	12.62
scaffold_1	107000000	108000000	12.62
scaffold_1	108000000	109000000	13.43
scaffold_1	109000000	110000000	13.55
scaffold_1	110000000	111000000	13.05
scaffold_1	111000000	112000000	12.44
scaffold_1	112000000	113000000	13.56
scaffold_1	113000000	114000000	13.76
scaffold_1	114000000	115000000	13.12
scaffold_1	115000000	116000000	13.30
scaffold_1	116000000	117000000	12.99
scaffold_1	117000000	118000000	13.22
scaffold_1	118000000	119000000	13.62
scaffold_1	119000000	120000000	13.21
scaffold_1	120000000	121000000	13.37
scaffold_1	121000000	122000000	13.73
scaffold_1	122000000	123000000	13.16
scaffold_1	123000000	124000000	13.18
scaffold_1	124000000	125000000	12.47
scaffold_1	125000000	126000000	12.03
scaffold_1	126000000	127000000	13.12
scaffold_1	127000000	128000000	13.38
scaffold_1	128000000	129000000	13.44
scaffold_1	129000000	130000000	12.53
scaffold_1	130000000	131000000	12.91
scaffold_1	131000000	132000000	12.79
scaffold_1	132000000	133000000	12.85
scaffold_1	133000000	134000000	13.24
scaffold_1	134000000	135000000	13.26
scaffold_1	135000000	136000000	13.24
scaffold_1	136000000	137000000	13.01
scaffold_1	137000000	138000000	12.27
scaffold_1	138000000	139000000	12.49
scaffold_1	139000000	140000000	12.10
scaffold_1	140000000	141000000	13.30
scaffold_1	141000000	142000000	13.11
scaffold_1	142000000	143000000	12.76
scaffold_1	143000000	144000000	13.22
scaffold_1	144000000	145000000	12.95
scaffold_1	145000000	146000000	13.19
scaffold_1	146000000	147000000	12.93
scaffold_1	147000000	148000000	12.49
scaffold_1	148000000	149000000	13.14
scaffold_1	149000000	150000000	13.38
scaffold_1	150000000	151000000	12.78
scaffold_1	151000000	152000000	12.68
scaffold_1	152000000	153000000	12.78
scaffold_1	153000000	154000000	12.23
scaffold_1	154000000	155000000	12.44
scaffold_1	155000000	156000000	12.72
scaffold_1	156000000	157000000	12.10
scaffold_1	157000000	158000000	12.55
scaffold_1	158000000	159000000	11.88
scaffold_1	159000000	160000000	11.67
scaffold_1	160000000	161000000	12.56
scaffold_1	161000000	162000000	12.21
scaffold_1	162000000	163000000	11.39
scaffold_1	163000000	164000000	11.64
scaffold_1	164000000	165000000	11.18
scaffold_1	165000000	166000000	11.36
scaffold_1	166000000	167000000	11.47
scaffold_1	167000000	168000000	11.37
scaffold_1	168000000	169000000	11.14
scaffold_1	169000000	170000000	10.79
scaffold_1	170000000	171000000	11.29
scaffold_1	171000000	172000000	10.49
scaffold_1	172000000	173000000	10.39
scaffold_1	173000000	174000000	17.11
scaffold_1	174000000	175000000	9.91
scaffold_1	175000000	176000000	11.19
scaffold_1	176000000	177000000	10.33
scaffold_1	177000000	178000000	11.17
scaffold_1	178000000	179000000	17.99
scaffold_1	179000000	180000000	13.51
scaffold_1	180000000	181000000	10.24
scaffold_1	181000000	182000000	10.72
scaffold_1	182000000	183000000	10.97
scaffold_1	183000000	184000000	11.61
scaffold_1	184000000	185000000	11.54
scaffold_1	185000000	186000000	10.83
scaffold_1	186000000	187000000	21.87
scaffold_1	187000000	188000000	12.63
scaffold_1	188000000	189000000	12.77
scaffold_1	189000000	190000000	10.04
scaffold_1	190000000	191000000	9.29
scaffold_1	191000000	192000000	10.46
scaffold_1	192000000	193000000	8.67
scaffold_1	193000000	194000000	9.03
scaffold_1	194000000	195000000	8.64
scaffold_1	195000000	196000000	10.23
scaffold_1	196000000	197000000	9.88
scaffold_1	197000000	198000000	9.80
scaffold_1	198000000	199000000	10.83
scaffold_1	199000000	200000000	9.67
scaffold_1	200000000	201000000	11.00
scaffold_1	201000000	202000000	10.50
scaffold_1	202000000	203000000	10.59
scaffold_1	203000000	204000000	10.58
scaffold_1	204000000	205000000	9.95
scaffold_1	205000000	206000000	10.39
scaffold_1	206000000	207000000	10.33
scaffold_1	207000000	208000000	11.03
scaffold_1	208000000	209000000	11.37
scaffold_1	209000000	210000000	11.44
scaffold_1	210000000	211000000	11.87
scaffold_1	211000000	212000000	11.32
scaffold_1	212000000	213000000	11.84
scaffold_1	213000000	214000000	11.58
scaffold_1	214000000	215000000	11.32
scaffold_1	215000000	216000000	11.65
scaffold_1	216000000	217000000	11.75
scaffold_1	217000000	218000000	11.82
scaffold_1	218000000	219000000	12.05
scaffold_1	219000000	220000000	12.20
scaffold_1	220000000	221000000	12.28
scaffold_1	221000000	222000000	12.06
scaffold_1	222000000	223000000	12.32
scaffold_1	223000000	224000000	12.03
scaffold_1	224000000	225000000	11.70
scaffold_1	225000000	226000000	12.36
scaffold_1	226000000	227000000	13.05
scaffold_1	227000000	228000000	13.00
scaffold_1	228000000	229000000	12.83
scaffold_1	229000000	230000000	12.64
scaffold_1	230000000	231000000	13.44
scaffold_1	231000000	232000000	12.99
scaffold_1	232000000	233000000	12.95
scaffold_1	233000000	234000000	12.87
scaffold_1	234000000	235000000	12.75
scaffold_1	235000000	236000000	11.63
scaffold_1	236000000	237000000	12.01
scaffold_1	237000000	238000000	13.04
scaffold_1	238000000	239000000	12.99
scaffold_1	239000000	240000000	12.59
scaffold_1	240000000	241000000	13.11
scaffold_1	241000000	242000000	12.56
scaffold_1	242000000	243000000	12.72
scaffold_1	243000000	244000000	13.00
scaffold_1	244000000	245000000	12.71
scaffold_1	245000000	246000000	12.55
scaffold_1	246000000	247000000	13.83
scaffold_1	247000000	248000000	13.17
scaffold_1	248000000	249000000	12.20
scaffold_1	249000000	250000000	12.26
scaffold_1	250000000	251000000	13.16
scaffold_1	251000000	252000000	12.47
scaffold_1	252000000	253000000	12.45
scaffold_1	253000000	254000000	12.45
scaffold_1	254000000	255000000	12.39
scaffold_1	255000000	256000000	12.71
scaffold_1	256000000	257000000	12.87
scaffold_1	257000000	258000000	12.70
scaffold_1	258000000	259000000	12.92
scaffold_1	259000000	260000000	13.30
scaffold_1	260000000	261000000	12.72
scaffold_1	261000000	262000000	11.94
scaffold_1	262000000	263000000	12.85
scaffold_1	263000000	264000000	12.02
scaffold_1	264000000	265000000	12.39
scaffold_1	265000000	266000000	12.94
scaffold_1	266000000	267000000	12.62
scaffold_1	267000000	268000000	12.82
scaffold_1	268000000	269000000	12.74
scaffold_1	269000000	270000000	13.67
scaffold_1	270000000	271000000	13.01
scaffold_1	271000000	272000000	13.75
scaffold_1	272000000	273000000	12.96
scaffold_1	273000000	274000000	12.65
scaffold_1	274000000	275000000	12.44
scaffold_1	275000000	276000000	12.76
scaffold_1	276000000	277000000	12.64
scaffold_1	277000000	278000000	13.32
scaffold_1	278000000	279000000	12.94
scaffold_1	279000000	280000000	13.18
scaffold_1	280000000	281000000	12.75
scaffold_1	281000000	282000000	13.53
scaffold_1	282000000	283000000	13.05
scaffold_1	283000000	284000000	13.78
scaffold_1	284000000	285000000	12.70
scaffold_1	285000000	286000000	12.95
scaffold_1	286000000	287000000	12.36
scaffold_1	287000000	288000000	12.53
scaffold_1	288000000	289000000	12.66
scaffold_1	289000000	290000000	13.47
scaffold_1	290000000	291000000	13.50
scaffold_1	291000000	292000000	12.81
scaffold_1	292000000	293000000	12.64
scaffold_1	293000000	294000000	13.44
scaffold_1	294000000	295000000	12.01
scaffold_1	295000000	296000000	13.18
scaffold_1	296000000	297000000	12.58
scaffold_1	297000000	298000000	13.53
scaffold_1	298000000	299000000	12.45
scaffold_1	299000000	300000000	11.93
scaffold_1	300000000	301000000	13.15
scaffold_1	301000000	302000000	12.91
scaffold_1	302000000	303000000	13.18
scaffold_1	303000000	304000000	13.17
scaffold_1	304000000	305000000	12.67
scaffold_1	305000000	306000000	12.67
scaffold_1	306000000	307000000	12.37
scaffold_1	307000000	308000000	12.17
scaffold_1	308000000	309000000	12.60
scaffold_1	309000000	310000000	13.15
scaffold_1	310000000	311000000	12.63
scaffold_1	311000000	312000000	12.63
scaffold_1	312000000	313000000	12.38
scaffold_1	313000000	314000000	12.00
scaffold_1	314000000	315000000	12.59
scaffold_1	315000000	316000000	12.02
scaffold_1	316000000	317000000	12.17
scaffold_1	317000000	318000000	11.88
scaffold_1	318000000	319000000	12.20
scaffold_1	319000000	320000000	12.65
scaffold_1	320000000	321000000	11.91
scaffold_1	321000000	322000000	12.12
scaffold_1	322000000	323000000	11.33
scaffold_1	323000000	324000000	12.52
scaffold_1	324000000	325000000	11.82
scaffold_1	325000000	326000000	11.79
scaffold_1	326000000	327000000	11.97
scaffold_1	327000000	328000000	11.86
scaffold_1	328000000	329000000	11.44
scaffold_1	329000000	330000000	11.99
scaffold_1	330000000	331000000	10.07
scaffold_1	331000000	332000000	10.80
scaffold_1	332000000	333000000	11.33
scaffold_1	333000000	334000000	10.41
scaffold_1	334000000	335000000	10.62
scaffold_1	335000000	336000000	11.52
scaffold_1	336000000	337000000	10.97
scaffold_1	337000000	338000000	10.80
scaffold_1	338000000	339000000	10.55
scaffold_1	339000000	340000000	10.45
scaffold_1	340000000	341000000	10.41
scaffold_1	341000000	342000000	10.35
scaffold_1	342000000	343000000	10.04
scaffold_1	343000000	344000000	10.84
scaffold_1	344000000	345000000	9.23
scaffold_1	345000000	346000000	9.18
scaffold_1	346000000	347000000	10.09
scaffold_1	347000000	348000000	10.17
scaffold_1	348000000	349000000	10.11
scaffold_1	349000000	350000000	8.62
scaffold_1	350000000	351000000	9.37
scaffold_1	351000000	352000000	8.33
scaffold_1	352000000	353000000	7.92
scaffold_1	353000000	354000000	8.68
scaffold_1	354000000	355000000	8.21
scaffold_1	354360412	355360412	8.23
scaffold_2	0	1000000	9.08
scaffold_2	1000000	2000000	8.12
scaffold_2	2000000	3000000	8.98
scaffold_2	3000000	4000000	8.95
scaffold_2	4000000	5000000	10.10
scaffold_2	5000000	6000000	10.24
scaffold_2	6000000	7000000	10.01
scaffold_2	7000000	8000000	10.53
scaffold_2	8000000	9000000	9.57
scaffold_2	9000000	10000000	9.89
scaffold_2	10000000	11000000	9.88
scaffold_2	11000000	12000000	10.17
scaffold_2	12000000	13000000	10.98
scaffold_2	13000000	14000000	10.18
scaffold_2	14000000	15000000	9.65
scaffold_2	15000000	16000000	10.38
scaffold_2	16000000	17000000	10.07
scaffold_2	17000000	18000000	11.49
scaffold_2	18000000	19000000	11.30
scaffold_2	19000000	20000000	11.72
scaffold_2	20000000	21000000	11.17
scaffold_2	21000000	22000000	11.43
scaffold_2	22000000	23000000	11.02
scaffold_2	23000000	24000000	11.32
scaffold_2	24000000	25000000	10.87
scaffold_2	25000000	26000000	11.92
scaffold_2	26000000	27000000	11.68
scaffold_2	27000000	28000000	10.92
scaffold_2	28000000	29000000	11.48
scaffold_2	29000000	30000000	11.77
scaffold_2	30000000	31000000	11.26
scaffold_2	31000000	32000000	12.16
scaffold_2	32000000	33000000	12.08
scaffold_2	33000000	34000000	12.55
scaffold_2	34000000	35000000	12.03
scaffold_2	35000000	36000000	12.14
scaffold_2	36000000	37000000	12.37
scaffold_2	37000000	38000000	12.46
scaffold_2	38000000	39000000	11.91
scaffold_2	39000000	40000000	11.47
scaffold_2	40000000	41000000	12.58
scaffold_2	41000000	42000000	12.12
scaffold_2	42000000	43000000	11.95
scaffold_2	43000000	44000000	12.07
scaffold_2	44000000	45000000	12.85
scaffold_2	45000000	46000000	11.94
scaffold_2	46000000	47000000	12.72
scaffold_2	47000000	48000000	12.83
scaffold_2	48000000	49000000	12.58
scaffold_2	49000000	50000000	12.96
scaffold_2	50000000	51000000	17.10
scaffold_2	51000000	52000000	12.39
scaffold_2	52000000	53000000	12.38
scaffold_2	53000000	54000000	12.50
scaffold_2	54000000	55000000	12.44
scaffold_2	55000000	56000000	13.03
scaffold_2	56000000	57000000	12.23
scaffold_2	57000000	58000000	11.59
scaffold_2	58000000	59000000	11.84
scaffold_2	59000000	60000000	12.93
scaffold_2	60000000	61000000	12.67
scaffold_2	61000000	62000000	12.97
scaffold_2	62000000	63000000	12.97
scaffold_2	63000000	64000000	11.77
scaffold_2	64000000	65000000	12.70
scaffold_2	65000000	66000000	12.46
scaffold_2	66000000	67000000	12.92
scaffold_2	67000000	68000000	13.69
scaffold_2	68000000	69000000	13.26
scaffold_2	69000000	70000000	13.45
scaffold_2	70000000	71000000	12.65
scaffold_2	71000000	72000000	13.19
scaffold_2	72000000	73000000	13.20
scaffold_2	73000000	74000000	13.24
scaffold_2	74000000	75000000	15.47
scaffold_2	75000000	76000000	13.13
scaffold_2	76000000	77000000	13.10
scaffold_2	77000000	78000000	13.05
scaffold_2	78000000	79000000	13.33
scaffold_2	79000000	80000000	13.51
scaffold_2	80000000	81000000	12.64
scaffold_2	81000000	82000000	12.95
scaffold_2	82000000	83000000	13.00
scaffold_2	83000000	84000000	12.85
scaffold_2	84000000	85000000	12.90
scaffold_2	85000000	86000000	12.80
scaffold_2	86000000	87000000	12.89
scaffold_2	87000000	88000000	12.98
scaffold_2	88000000	89000000	12.82
scaffold_2	89000000	90000000	12.91
scaffold_2	90000000	91000000	12.16
scaffold_2	91000000	92000000	12.04
scaffold_2	92000000	93000000	13.12
scaffold_2	93000000	94000000	13.26
scaffold_2	94000000	95000000	13.21
scaffold_2	95000000	96000000	12.77
scaffold_2	96000000	97000000	12.54
scaffold_2	97000000	98000000	12.63
scaffold_2	98000000	99000000	12.67
scaffold_2	99000000	100000000	12.63
scaffold_2	100000000	101000000	12.58
scaffold_2	101000000	102000000	12.99
scaffold_2	102000000	103000000	12.53
scaffold_2	103000000	104000000	11.92
scaffold_2	104000000	105000000	12.75
scaffold_2	105000000	106000000	11.81
scaffold_2	106000000	107000000	12.66
scaffold_2	107000000	108000000	12.90
scaffold_2	108000000	109000000	11.96
scaffold_2	109000000	110000000	11.93
scaffold_2	110000000	111000000	12.13
scaffold_2	111000000	112000000	11.35
scaffold_2	112000000	113000000	11.10
scaffold_2	113000000	114000000	11.91
scaffold_2	114000000	115000000	12.35
scaffold_2	115000000	116000000	11.54
scaffold_2	116000000	117000000	11.69
scaffold_2	117000000	118000000	10.90
scaffold_2	118000000	119000000	10.99
scaffold_2	119000000	120000000	11.14
scaffold_2	120000000	121000000	11.01
scaffold_2	121000000	122000000	10.57
scaffold_2	122000000	123000000	11.23
scaffold_2	123000000	124000000	11.32
scaffold_2	124000000	125000000	10.52
scaffold_2	125000000	126000000	10.72
scaffold_2	126000000	127000000	11.04
scaffold_2	127000000	128000000	10.72
scaffold_2	128000000	129000000	10.58
scaffold_2	129000000	130000000	10.42
scaffold_2	130000000	131000000	9.89
scaffold_2	131000000	132000000	10.15
scaffold_2	132000000	133000000	9.93
scaffold_2	133000000	134000000	9.43
scaffold_2	134000000	135000000	10.26
scaffold_2	135000000	136000000	9.59
scaffold_2	136000000	137000000	8.78
scaffold_2	137000000	138000000	10.87
scaffold_2	138000000	139000000	11.96
scaffold_2	139000000	140000000	11.96
scaffold_2	140000000	141000000	10.79
scaffold_2	141000000	142000000	9.65
scaffold_2	142000000	143000000	11.15
scaffold_2	143000000	144000000	9.35
scaffold_2	144000000	145000000	10.15
scaffold_2	145000000	146000000	10.28
scaffold_2	146000000	147000000	10.42
scaffold_2	147000000	148000000	10.28
scaffold_2	148000000	149000000	9.96
scaffold_2	149000000	150000000	10.49
scaffold_2	150000000	151000000	11.39
scaffold_2	151000000	152000000	11.39
scaffold_2	152000000	153000000	11.00
scaffold_2	153000000	154000000	11.21
scaffold_2	154000000	155000000	10.54
scaffold_2	155000000	156000000	10.60
scaffold_2	156000000	157000000	11.17
scaffold_2	157000000	158000000	10.88
scaffold_2	158000000	159000000	12.14
scaffold_2	159000000	160000000	11.39
scaffold_2	160000000	161000000	11.32
scaffold_2	161000000	162000000	12.50
scaffold_2	162000000	163000000	13.18
scaffold_2	163000000	164000000	12.87
scaffold_2	164000000	165000000	12.61
scaffold_2	165000000	166000000	12.50
scaffold_2	166000000	167000000	12.15
scaffold_2	167000000	168000000	13.14
scaffold_2	168000000	169000000	12.70
scaffold_2	169000000	170000000	13.20
scaffold_2	170000000	171000000	13.07
scaffold_2	171000000	172000000	13.26
scaffold_2	172000000	173000000	12.26
scaffold_2	173000000	174000000	12.66
scaffold_2	174000000	175000000	13.38
scaffold_2	175000000	176000000	14.45
scaffold_2	176000000	177000000	13.43
scaffold_2	177000000	178000000	13.80
scaffold_2	178000000	179000000	13.25
scaffold_2	179000000	180000000	14.44
scaffold_2	180000000	181000000	13.87
scaffold_2	181000000	182000000	13.50
scaffold_2	182000000	183000000	13.78
scaffold_2	183000000	184000000	13.42
scaffold_2	184000000	185000000	13.07
scaffold_2	185000000	186000000	13.35
scaffold_2	186000000	187000000	13.49
scaffold_2	187000000	188000000	13.07
scaffold_2	188000000	189000000	13.22
scaffold_2	189000000	190000000	14.03
scaffold_2	190000000	191000000	13.07
scaffold_2	191000000	192000000	13.78
scaffold_2	192000000	193000000	13.17
scaffold_2	193000000	194000000	13.65
scaffold_2	194000000	195000000	13.39
scaffold_2	195000000	196000000	13.74
scaffold_2	196000000	197000000	13.43
scaffold_2	197000000	198000000	13.27
scaffold_2	198000000	199000000	12.78
scaffold_2	199000000	200000000	12.37
scaffold_2	200000000	201000000	12.55
scaffold_2	201000000	202000000	12.41
scaffold_2	202000000	203000000	13.05
scaffold_2	203000000	204000000	13.47
scaffold_2	204000000	205000000	13.15
scaffold_2	205000000	206000000	11.96
scaffold_2	206000000	207000000	13.28
scaffold_2	207000000	208000000	12.89
scaffold_2	208000000	209000000	13.45
scaffold_2	209000000	210000000	12.41
scaffold_2	210000000	211000000	12.74
scaffold_2	211000000	212000000	13.25
scaffold_2	212000000	213000000	12.35
scaffold_2	213000000	214000000	13.05
scaffold_2	214000000	215000000	13.30
scaffold_2	215000000	216000000	13.33
scaffold_2	216000000	217000000	13.03
scaffold_2	217000000	218000000	13.05
scaffold_2	218000000	219000000	12.77
scaffold_2	219000000	220000000	12.78
scaffold_2	220000000	221000000	12.45
scaffold_2	221000000	222000000	13.28
scaffold_2	222000000	223000000	12.72
scaffold_2	223000000	224000000	13.65
scaffold_2	224000000	225000000	13.40
scaffold_2	225000000	226000000	13.52
scaffold_2	226000000	227000000	12.31
scaffold_2	227000000	228000000	13.02
scaffold_2	228000000	229000000	13.04
scaffold_2	229000000	230000000	12.82
scaffold_2	230000000	231000000	13.13
scaffold_2	231000000	232000000	12.47
scaffold_2	232000000	233000000	13.88
scaffold_2	233000000	234000000	13.38
scaffold_2	234000000	235000000	13.46
scaffold_2	235000000	236000000	13.40
scaffold_2	236000000	237000000	13.31
scaffold_2	237000000	238000000	12.86
scaffold_2	238000000	239000000	13.17
scaffold_2	239000000	240000000	12.70
scaffold_2	240000000	241000000	13.00
scaffold_2	241000000	242000000	12.83
scaffold_2	242000000	243000000	12.61
scaffold_2	243000000	244000000	12.41
scaffold_2	244000000	245000000	12.67
scaffold_2	245000000	246000000	12.41
scaffold_2	246000000	247000000	12.57
scaffold_2	247000000	248000000	12.45
scaffold_2	248000000	249000000	12.66
scaffold_2	249000000	250000000	12.44
scaffold_2	250000000	251000000	15.53
scaffold_2	251000000	252000000	12.80
scaffold_2	252000000	253000000	12.98
scaffold_2	253000000	254000000	13.29
scaffold_2	254000000	255000000	12.69
scaffold_2	255000000	256000000	12.72
scaffold_2	256000000	257000000	13.34
scaffold_2	257000000	258000000	12.31
scaffold_2	258000000	259000000	12.90
scaffold_2	259000000	260000000	12.77
scaffold_2	260000000	261000000	13.00
scaffold_2	261000000	262000000	12.79
scaffold_2	262000000	263000000	12.82
scaffold_2	263000000	264000000	11.75
scaffold_2	264000000	265000000	12.19
scaffold_2	265000000	266000000	13.16
scaffold_2	266000000	267000000	12.51
scaffold_2	267000000	268000000	11.77
scaffold_2	268000000	269000000	11.59
scaffold_2	269000000	270000000	12.00
scaffold_2	270000000	271000000	11.83
scaffold_2	271000000	272000000	13.08
scaffold_2	272000000	273000000	12.87
scaffold_2	273000000	274000000	12.26
scaffold_2	274000000	275000000	11.63
scaffold_2	275000000	276000000	12.53
scaffold_2	276000000	277000000	12.83
scaffold_2	277000000	278000000	12.55
scaffold_2	278000000	279000000	12.21
scaffold_2	279000000	280000000	11.86
scaffold_2	280000000	281000000	12.68
scaffold_2	281000000	282000000	11.42
scaffold_2	282000000	283000000	11.63
scaffold_2	283000000	284000000	11.27
scaffold_2	284000000	285000000	11.03
scaffold_2	285000000	286000000	11.13
scaffold_2	286000000	287000000	10.87
scaffold_2	287000000	288000000	9.56
scaffold_2	288000000	289000000	9.38
scaffold_2	289000000	290000000	9.59
scaffold_2	290000000	291000000	8.35
scaffold_2	291000000	292000000	9.17
scaffold_2	292000000	293000000	6.57
scaffold_2	293000000	294000000	7.70
scaffold_2	294000000	295000000	9.57
scaffold_2	295000000	296000000	8.26
scaffold_2	296000000	297000000	7.40
scaffold_2	297000000	298000000	9.85
scaffold_2	298000000	299000000	9.86
scaffold_2	299000000	300000000	10.12
scaffold_2	300000000	301000000	12.12
scaffold_2	301000000	302000000	12.88
scaffold_2	302000000	303000000	11.06
scaffold_2	303000000	304000000	11.57
scaffold_2	304000000	305000000	10.70
scaffold_2	305000000	306000000	8.83
scaffold_2	306000000	307000000	6.89
scaffold_2	307000000	308000000	11.68
scaffold_2	308000000	309000000	17.04
scaffold_2	309000000	310000000	7.93
scaffold_2	310000000	311000000	7.81
scaffold_2	311000000	312000000	12.68
scaffold_2	312000000	313000000	10.59
scaffold_2	313000000	314000000	8.35
scaffold_2	313158933	314158933	5.46
scaffold_3	0	1000000	11.31
scaffold_3	1000000	2000000	12.38
scaffold_3	2000000	3000000	10.96
scaffold_3	3000000	4000000	11.19
scaffold_3	4000000	5000000	12.72
scaffold_3	5000000	6000000	11.71
scaffold_3	6000000	7000000	12.58
scaffold_3	7000000	8000000	12.11
scaffold_3	8000000	9000000	13.17
scaffold_3	9000000	10000000	12.73
scaffold_3	10000000	11000000	18.58
scaffold_3	11000000	12000000	13.51
scaffold_3	12000000	13000000	14.48
scaffold_3	13000000	14000000	15.38
scaffold_3	14000000	15000000	15.31
scaffold_3	15000000	16000000	15.08
scaffold_3	16000000	17000000	16.19
scaffold_3	17000000	18000000	16.67
scaffold_3	18000000	19000000	16.57
scaffold_3	19000000	20000000	17.13
scaffold_3	20000000	21000000	17.64
scaffold_3	21000000	22000000	15.09
scaffold_3	22000000	23000000	16.61
scaffold_3	23000000	24000000	17.59
scaffold_3	24000000	25000000	17.74
scaffold_3	25000000	26000000	17.74
scaffold_3	26000000	27000000	16.62
scaffold_3	27000000	28000000	17.36
scaffold_3	28000000	29000000	17.65
scaffold_3	29000000	30000000	17.35
scaffold_3	30000000	31000000	17.78
scaffold_3	31000000	32000000	17.53
scaffold_3	32000000	33000000	16.86
scaffold_3	33000000	34000000	18.05
scaffold_3	34000000	35000000	16.97
scaffold_3	35000000	36000000	18.21
scaffold_3	36000000	37000000	16.80
scaffold_3	37000000	38000000	17.38
scaffold_3	38000000	39000000	16.98
scaffold_3	39000000	40000000	17.61
scaffold_3	40000000	41000000	17.96
scaffold_3	41000000	42000000	18.07
scaffold_3	42000000	43000000	17.40
scaffold_3	43000000	44000000	17.50
scaffold_3	44000000	45000000	20.13
scaffold_3	45000000	46000000	17.77
scaffold_3	46000000	47000000	18.30
scaffold_3	47000000	48000000	18.47
scaffold_3	48000000	49000000	19.09
scaffold_3	49000000	50000000	18.87
scaffold_3	50000000	51000000	17.92
scaffold_3	51000000	52000000	16.95
scaffold_3	52000000	53000000	18.37
scaffold_3	53000000	54000000	17.43
scaffold_3	54000000	55000000	18.38
scaffold_3	55000000	56000000	19.72
scaffold_3	56000000	57000000	17.56
scaffold_3	57000000	58000000	18.40
scaffold_3	58000000	59000000	18.81
scaffold_3	59000000	60000000	18.85
scaffold_3	60000000	61000000	17.26
scaffold_3	61000000	62000000	19.21
scaffold_3	62000000	63000000	15.60
scaffold_3	63000000	64000000	12.44
scaffold_3	64000000	65000000	11.10
scaffold_3	65000000	66000000	11.70
scaffold_3	66000000	67000000	12.32
scaffold_3	67000000	68000000	12.60
scaffold_3	68000000	69000000	12.61
scaffold_3	69000000	70000000	12.34
scaffold_3	70000000	71000000	12.24
scaffold_3	71000000	72000000	12.04
scaffold_3	72000000	73000000	11.48
scaffold_3	73000000	74000000	11.91
scaffold_3	74000000	75000000	12.23
scaffold_3	75000000	76000000	11.77
scaffold_3	76000000	77000000	12.38
scaffold_3	77000000	78000000	10.58
scaffold_3	78000000	79000000	12.03
scaffold_3	79000000	80000000	12.00
scaffold_3	80000000	81000000	11.57
scaffold_3	81000000	82000000	11.22
scaffold_3	82000000	83000000	11.60
scaffold_3	83000000	84000000	12.25
scaffold_3	84000000	85000000	11.17
scaffold_3	85000000	86000000	10.99
scaffold_3	86000000	87000000	10.28
scaffold_3	87000000	88000000	12.02
scaffold_3	88000000	89000000	11.22
scaffold_3	89000000	90000000	10.07
scaffold_3	90000000	91000000	10.55
scaffold_3	91000000	92000000	9.98
scaffold_3	92000000	93000000	10.48
scaffold_3	93000000	94000000	9.65
scaffold_3	94000000	95000000	9.80
scaffold_3	95000000	96000000	10.50
scaffold_3	96000000	97000000	10.51
scaffold_3	97000000	98000000	10.18
scaffold_3	98000000	99000000	9.60
scaffold_3	99000000	100000000	10.46
scaffold_3	100000000	101000000	10.06
scaffold_3	101000000	102000000	10.08
scaffold_3	102000000	103000000	8.82
scaffold_3	103000000	104000000	9.60
scaffold_3	104000000	105000000	10.32
scaffold_3	105000000	106000000	9.12
scaffold_3	106000000	107000000	10.43
scaffold_3	107000000	108000000	10.42
scaffold_3	108000000	109000000	11.62
scaffold_3	109000000	110000000	16.10
scaffold_3	110000000	111000000	13.39
scaffold_3	111000000	112000000	10.39
scaffold_3	112000000	113000000	10.15
scaffold_3	113000000	114000000	9.31
scaffold_3	114000000	115000000	9.11
scaffold_3	115000000	116000000	10.09
scaffold_3	116000000	117000000	9.67
scaffold_3	117000000	118000000	9.80
scaffold_3	118000000	119000000	9.42
scaffold_3	119000000	120000000	9.94
scaffold_3	120000000	121000000	10.34
scaffold_3	121000000	122000000	9.66
scaffold_3	122000000	123000000	9.24
scaffold_3	123000000	124000000	10.36
scaffold_3	124000000	125000000	10.33
scaffold_3	125000000	126000000	11.15
scaffold_3	126000000	127000000	12.04
scaffold_3	127000000	128000000	11.10
scaffold_3	128000000	129000000	11.82
scaffold_3	129000000	130000000	12.09
scaffold_3	130000000	131000000	11.79
scaffold_3	131000000	132000000	9.88
scaffold_3	132000000	133000000	12.05
scaffold_3	133000000	134000000	12.03
scaffold_3	134000000	135000000	11.24
scaffold_3	135000000	136000000	12.18
scaffold_3	136000000	137000000	10.77
scaffold_3	137000000	138000000	12.18
scaffold_3	138000000	139000000	12.20
scaffold_3	139000000	140000000	12.27
scaffold_3	140000000	141000000	12.55
scaffold_3	141000000	142000000	12.82
scaffold_3	142000000	143000000	12.50
scaffold_3	143000000	144000000	12.54
scaffold_3	144000000	145000000	13.12
scaffold_3	145000000	146000000	11.61
scaffold_3	146000000	147000000	12.57
scaffold_3	147000000	148000000	12.65
scaffold_3	148000000	149000000	12.36
scaffold_3	149000000	150000000	12.90
scaffold_3	150000000	151000000	12.55
scaffold_3	151000000	152000000	13.11
scaffold_3	152000000	153000000	12.22
scaffold_3	153000000	154000000	11.72
scaffold_3	154000000	155000000	12.16
scaffold_3	155000000	156000000	12.52
scaffold_3	156000000	157000000	12.55
scaffold_3	157000000	158000000	12.13
scaffold_3	158000000	159000000	11.07
scaffold_3	159000000	160000000	12.62
scaffold_3	160000000	161000000	12.19
scaffold_3	161000000	162000000	12.88
scaffold_3	162000000	163000000	13.50
scaffold_3	163000000	164000000	12.95
scaffold_3	164000000	165000000	12.97
scaffold_3	165000000	166000000	12.99
scaffold_3	166000000	167000000	12.05
scaffold_3	167000000	168000000	13.28
scaffold_3	168000000	169000000	13.22
scaffold_3	169000000	170000000	12.62
scaffold_3	170000000	171000000	13.33
scaffold_3	171000000	172000000	13.82
scaffold_3	172000000	173000000	12.73
scaffold_3	173000000	174000000	12.28
scaffold_3	174000000	175000000	12.46
scaffold_3	175000000	176000000	12.77
scaffold_3	176000000	177000000	13.03
scaffold_3	177000000	178000000	11.90
scaffold_3	178000000	179000000	12.89
scaffold_3	179000000	180000000	13.33
scaffold_3	180000000	181000000	13.14
scaffold_3	181000000	182000000	13.00
scaffold_3	182000000	183000000	12.41
scaffold_3	183000000	184000000	12.57
scaffold_3	184000000	185000000	12.74
scaffold_3	185000000	186000000	13.36
scaffold_3	186000000	187000000	13.00
scaffold_3	187000000	188000000	13.28
scaffold_3	188000000	189000000	12.85
scaffold_3	189000000	190000000	13.00
scaffold_3	190000000	191000000	12.96
scaffold_3	191000000	192000000	13.15
scaffold_3	192000000	193000000	13.13
scaffold_3	193000000	194000000	12.77
scaffold_3	194000000	195000000	12.57
scaffold_3	195000000	196000000	12.34
scaffold_3	196000000	197000000	12.93
scaffold_3	197000000	198000000	12.19
scaffold_3	198000000	199000000	13.18
scaffold_3	199000000	200000000	13.57
scaffold_3	200000000	201000000	13.13
scaffold_3	201000000	202000000	13.10
scaffold_3	202000000	203000000	12.81
scaffold_3	203000000	204000000	13.59
scaffold_3	204000000	205000000	12.97
scaffold_3	205000000	206000000	13.22
scaffold_3	206000000	207000000	12.07
scaffold_3	207000000	208000000	12.87
scaffold_3	208000000	209000000	13.06
scaffold_3	209000000	210000000	13.49
scaffold_3	210000000	211000000	13.44
scaffold_3	211000000	212000000	12.91
scaffold_3	212000000	213000000	12.68
scaffold_3	213000000	214000000	12.11
scaffold_3	214000000	215000000	12.64
scaffold_3	215000000	216000000	12.69
scaffold_3	216000000	217000000	12.42
scaffold_3	217000000	218000000	12.65
scaffold_3	218000000	219000000	12.66
scaffold_3	219000000	220000000	12.73
scaffold_3	220000000	221000000	11.96
scaffold_3	221000000	222000000	12.96
scaffold_3	222000000	223000000	13.26
scaffold_3	223000000	224000000	12.41
scaffold_3	224000000	225000000	11.63
scaffold_3	225000000	226000000	12.67
scaffold_3	226000000	227000000	13.31
scaffold_3	227000000	228000000	12.93
scaffold_3	228000000	229000000	13.00
scaffold_3	229000000	230000000	12.81
scaffold_3	230000000	231000000	12.45
scaffold_3	231000000	232000000	12.54
scaffold_3	232000000	233000000	12.18
scaffold_3	233000000	234000000	11.78
scaffold_3	234000000	235000000	12.49
scaffold_3	235000000	236000000	11.71
scaffold_3	236000000	237000000	11.57
scaffold_3	237000000	238000000	12.59
scaffold_3	238000000	239000000	12.05
scaffold_3	239000000	240000000	12.32
scaffold_3	240000000	241000000	12.37
scaffold_3	241000000	242000000	12.96
scaffold_3	242000000	243000000	13.23
scaffold_3	243000000	244000000	12.39
scaffold_3	244000000	245000000	12.55
scaffold_3	245000000	246000000	11.83
scaffold_3	246000000	247000000	12.21
scaffold_3	247000000	248000000	11.61
scaffold_3	248000000	249000000	11.50
scaffold_3	249000000	250000000	12.59
scaffold_3	250000000	251000000	10.98
scaffold_3	251000000	252000000	11.45
scaffold_3	252000000	253000000	11.74
scaffold_3	253000000	254000000	10.96
scaffold_3	254000000	255000000	10.84
scaffold_3	255000000	256000000	11.01
scaffold_3	256000000	257000000	11.29
scaffold_3	257000000	258000000	11.11
scaffold_3	258000000	259000000	11.52
scaffold_3	259000000	260000000	11.33
scaffold_3	260000000	261000000	11.34
scaffold_3	261000000	262000000	10.36
scaffold_3	262000000	263000000	10.08
scaffold_3	263000000	264000000	10.60
scaffold_3	264000000	265000000	11.20
scaffold_3	265000000	266000000	10.37
scaffold_3	266000000	267000000	9.66
scaffold_3	267000000	268000000	10.08
scaffold_3	268000000	269000000	10.21
scaffold_3	269000000	270000000	10.21
scaffold_3	270000000	271000000	10.69
scaffold_3	271000000	272000000	9.25
scaffold_3	272000000	273000000	9.74
scaffold_3	273000000	274000000	10.19
scaffold_3	274000000	275000000	9.22
scaffold_3	275000000	276000000	9.06
scaffold_3	276000000	277000000	9.23
scaffold_3	277000000	278000000	7.86
scaffold_3	278000000	279000000	9.01
scaffold_3	279000000	280000000	8.18
scaffold_3	280000000	281000000	10.35
scaffold_3	280461234	281461234	8.31
scaffold_4	0	1000000	8.92
scaffold_4	1000000	2000000	7.27
scaffold_4	2000000	3000000	9.33
scaffold_4	3000000	4000000	8.11
scaffold_4	4000000	5000000	9.97
scaffold_4	5000000	6000000	9.25
scaffold_4	6000000	7000000	8.91
scaffold_4	7000000	8000000	8.98
scaffold_4	8000000	9000000	9.60
scaffold_4	9000000	10000000	10.45
scaffold_4	10000000	11000000	9.64
scaffold_4	11000000	12000000	10.04
scaffold_4	12000000	13000000	10.64
scaffold_4	13000000	14000000	10.56
scaffold_4	14000000	15000000	10.62
scaffold_4	15000000	16000000	10.79
scaffold_4	16000000	17000000	10.15
scaffold_4	17000000	18000000	10.92
scaffold_4	18000000	19000000	11.81
scaffold_4	19000000	20000000	11.30
scaffold_4	20000000	21000000	11.02
scaffold_4	21000000	22000000	11.76
scaffold_4	22000000	23000000	11.96
scaffold_4	23000000	24000000	11.64
scaffold_4	24000000	25000000	11.78
scaffold_4	25000000	26000000	12.61
scaffold_4	26000000	27000000	12.30
scaffold_4	27000000	28000000	11.93
scaffold_4	28000000	29000000	12.03
scaffold_4	29000000	30000000	12.69
scaffold_4	30000000	31000000	12.28
scaffold_4	31000000	32000000	12.23
scaffold_4	32000000	33000000	12.16
scaffold_4	33000000	34000000	12.48
scaffold_4	34000000	35000000	12.69
scaffold_4	35000000	36000000	12.12
scaffold_4	36000000	37000000	12.70
scaffold_4	37000000	38000000	12.10
scaffold_4	38000000	39000000	12.48
scaffold_4	39000000	40000000	12.79
scaffold_4	40000000	41000000	12.56
scaffold_4	41000000	42000000	12.90
scaffold_4	42000000	43000000	12.41
scaffold_4	43000000	44000000	12.85
scaffold_4	44000000	45000000	12.71
scaffold_4	45000000	46000000	13.37
scaffold_4	46000000	47000000	13.12
scaffold_4	47000000	48000000	13.86
scaffold_4	48000000	49000000	13.07
scaffold_4	49000000	50000000	12.60
scaffold_4	50000000	51000000	13.25
scaffold_4	51000000	52000000	12.89
scaffold_4	52000000	53000000	13.29
scaffold_4	53000000	54000000	12.56
scaffold_4	54000000	55000000	12.96
scaffold_4	55000000	56000000	13.25
scaffold_4	56000000	57000000	12.80
scaffold_4	57000000	58000000	13.32
scaffold_4	58000000	59000000	13.00
scaffold_4	59000000	60000000	12.46
scaffold_4	60000000	61000000	13.33
scaffold_4	61000000	62000000	12.82
scaffold_4	62000000	63000000	12.93
scaffold_4	63000000	64000000	14.61
scaffold_4	64000000	65000000	13.37
scaffold_4	65000000	66000000	13.32
scaffold_4	66000000	67000000	12.81
scaffold_4	67000000	68000000	13.47
scaffold_4	68000000	69000000	13.30
scaffold_4	69000000	70000000	13.81
scaffold_4	70000000	71000000	13.78
scaffold_4	71000000	72000000	13.20
scaffold_4	72000000	73000000	13.16
scaffold_4	73000000	74000000	12.01
scaffold_4	74000000	75000000	12.27
scaffold_4	75000000	76000000	12.68
scaffold_4	76000000	77000000	13.60
scaffold_4	77000000	78000000	13.16
scaffold_4	78000000	79000000	16.37
scaffold_4	79000000	80000000	12.97
scaffold_4	80000000	81000000	12.56
scaffold_4	81000000	82000000	12.67
scaffold_4	82000000	83000000	13.28
scaffold_4	83000000	84000000	12.79
scaffold_4	84000000	85000000	12.85
scaffold_4	85000000	86000000	12.77
scaffold_4	86000000	87000000	12.60
scaffold_4	87000000	88000000	12.94
scaffold_4	88000000	89000000	12.25
scaffold_4	89000000	90000000	12.24
scaffold_4	90000000	91000000	12.71
scaffold_4	91000000	92000000	12.98
scaffold_4	92000000	93000000	12.05
scaffold_4	93000000	94000000	13.81
scaffold_4	94000000	95000000	12.58
scaffold_4	95000000	96000000	12.74
scaffold_4	96000000	97000000	13.26
scaffold_4	97000000	98000000	14.05
scaffold_4	98000000	99000000	12.93
scaffold_4	99000000	100000000	12.64
scaffold_4	100000000	101000000	13.51
scaffold_4	101000000	102000000	12.31
scaffold_4	102000000	103000000	12.33
scaffold_4	103000000	104000000	12.55
scaffold_4	104000000	105000000	12.10
scaffold_4	105000000	106000000	12.09
scaffold_4	106000000	107000000	11.65
scaffold_4	107000000	108000000	11.77
scaffold_4	108000000	109000000	11.91
scaffold_4	109000000	110000000	11.90
scaffold_4	110000000	111000000	11.59
scaffold_4	111000000	112000000	11.41
scaffold_4	112000000	113000000	11.88
scaffold_4	113000000	114000000	11.93
scaffold_4	114000000	115000000	11.78
scaffold_4	115000000	116000000	11.51
scaffold_4	116000000	117000000	11.24
scaffold_4	117000000	118000000	11.39
scaffold_4	118000000	119000000	10.40
scaffold_4	119000000	120000000	10.63
scaffold_4	120000000	121000000	10.72
scaffold_4	121000000	122000000	10.11
scaffold_4	122000000	123000000	9.76
scaffold_4	123000000	124000000	10.42
scaffold_4	124000000	125000000	10.48
scaffold_4	125000000	126000000	10.00
scaffold_4	126000000	127000000	9.75
scaffold_4	127000000	128000000	8.91
scaffold_4	128000000	129000000	10.13
scaffold_4	129000000	130000000	10.91
scaffold_4	130000000	131000000	11.57
scaffold_4	131000000	132000000	11.06
scaffold_4	132000000	133000000	11.21
scaffold_4	133000000	134000000	11.20
scaffold_4	134000000	135000000	10.55
scaffold_4	135000000	136000000	9.82
scaffold_4	136000000	137000000	9.67
scaffold_4	137000000	138000000	8.66
scaffold_4	138000000	139000000	9.59
scaffold_4	139000000	140000000	9.78
scaffold_4	140000000	141000000	8.72
scaffold_4	141000000	142000000	9.64
scaffold_4	142000000	143000000	10.04
scaffold_4	143000000	144000000	9.66
scaffold_4	144000000	145000000	9.74
scaffold_4	145000000	146000000	10.17
scaffold_4	146000000	147000000	10.86
scaffold_4	147000000	148000000	10.52
scaffold_4	148000000	149000000	10.88
scaffold_4	149000000	150000000	10.03
scaffold_4	150000000	151000000	10.36
scaffold_4	151000000	152000000	11.19
scaffold_4	152000000	153000000	11.25
scaffold_4	153000000	154000000	10.97
scaffold_4	154000000	155000000	10.88
scaffold_4	155000000	156000000	11.29
scaffold_4	156000000	157000000	11.41
scaffold_4	157000000	158000000	11.42
scaffold_4	158000000	159000000	11.24
scaffold_4	159000000	160000000	11.03
scaffold_4	160000000	161000000	11.04
scaffold_4	161000000	162000000	11.13
scaffold_4	162000000	163000000	10.93
scaffold_4	163000000	164000000	11.43
scaffold_4	164000000	165000000	10.92
scaffold_4	165000000	166000000	11.39
scaffold_4	166000000	167000000	12.00
scaffold_4	167000000	168000000	11.77
scaffold_4	168000000	169000000	11.28
scaffold_4	169000000	170000000	11.76
scaffold_4	170000000	171000000	12.30
scaffold_4	171000000	172000000	12.76
scaffold_4	172000000	173000000	12.73
scaffold_4	173000000	174000000	13.55
scaffold_4	174000000	175000000	13.02
scaffold_4	175000000	176000000	12.45
scaffold_4	176000000	177000000	12.73
scaffold_4	177000000	178000000	12.35
scaffold_4	178000000	179000000	12.78
scaffold_4	179000000	180000000	13.09
scaffold_4	180000000	181000000	11.12
scaffold_4	181000000	182000000	13.13
scaffold_4	182000000	183000000	12.30
scaffold_4	183000000	184000000	12.26
scaffold_4	184000000	185000000	12.31
scaffold_4	185000000	186000000	13.12
scaffold_4	186000000	187000000	12.60
scaffold_4	187000000	188000000	12.97
scaffold_4	188000000	189000000	12.74
scaffold_4	189000000	190000000	12.59
scaffold_4	190000000	191000000	12.30
scaffold_4	191000000	192000000	12.38
scaffold_4	192000000	193000000	12.76
scaffold_4	193000000	194000000	13.16
scaffold_4	194000000	195000000	13.14
scaffold_4	195000000	196000000	17.16
scaffold_4	196000000	197000000	12.16
scaffold_4	197000000	198000000	13.02
scaffold_4	198000000	199000000	12.74
scaffold_4	199000000	200000000	12.40
scaffold_4	200000000	201000000	12.87
scaffold_4	201000000	202000000	11.80
scaffold_4	202000000	203000000	11.85
scaffold_4	203000000	204000000	12.04
scaffold_4	204000000	205000000	12.48
scaffold_4	205000000	206000000	12.52
scaffold_4	206000000	207000000	12.82
scaffold_4	207000000	208000000	12.49
scaffold_4	208000000	209000000	12.70
scaffold_4	209000000	210000000	13.03
scaffold_4	210000000	211000000	12.62
scaffold_4	211000000	212000000	12.92
scaffold_4	212000000	213000000	12.20
scaffold_4	213000000	214000000	12.50
scaffold_4	214000000	215000000	11.94
scaffold_4	215000000	216000000	12.51
scaffold_4	216000000	217000000	12.34
scaffold_4	217000000	218000000	12.09
scaffold_4	218000000	219000000	12.11
scaffold_4	219000000	220000000	11.62
scaffold_4	220000000	221000000	11.64
scaffold_4	221000000	222000000	11.76
scaffold_4	222000000	223000000	11.36
scaffold_4	223000000	224000000	11.85
scaffold_4	224000000	225000000	11.96
scaffold_4	225000000	226000000	11.81
scaffold_4	226000000	227000000	11.34
scaffold_4	227000000	228000000	13.85
scaffold_4	228000000	229000000	17.08
scaffold_4	229000000	230000000	12.07
scaffold_4	230000000	231000000	11.97
scaffold_4	231000000	232000000	11.00
scaffold_4	232000000	233000000	10.89
scaffold_4	233000000	234000000	9.86
scaffold_4	234000000	235000000	10.89
scaffold_4	235000000	236000000	10.76
scaffold_4	236000000	237000000	10.45
scaffold_4	237000000	238000000	10.20
scaffold_4	238000000	239000000	10.51
scaffold_4	239000000	240000000	10.47
scaffold_4	240000000	241000000	10.06
scaffold_4	241000000	242000000	9.98
scaffold_4	242000000	243000000	10.20
scaffold_4	243000000	244000000	10.14
scaffold_4	244000000	245000000	8.86
scaffold_4	245000000	246000000	9.93
scaffold_4	246000000	247000000	9.27
scaffold_4	247000000	248000000	9.00
scaffold_4	248000000	249000000	9.48
scaffold_4	249000000	250000000	8.93
scaffold_4	250000000	251000000	7.84
scaffold_4	251000000	252000000	9.46
scaffold_4	252000000	253000000	9.35
scaffold_4	252587442	253587442	9.15
scaffold_5	0	1000000	8.61
scaffold_5	1000000	2000000	9.43
scaffold_5	2000000	3000000	8.20
scaffold_5	3000000	4000000	8.28
scaffold_5	4000000	5000000	8.74
scaffold_5	5000000	6000000	7.60
scaffold_5	6000000	7000000	10.12
scaffold_5	7000000	8000000	10.68
scaffold_5	8000000	9000000	9.72
scaffold_5	9000000	10000000	10.18
scaffold_5	10000000	11000000	8.41
scaffold_5	11000000	12000000	9.05
scaffold_5	12000000	13000000	10.62
scaffold_5	13000000	14000000	11.14
scaffold_5	14000000	15000000	10.56
scaffold_5	15000000	16000000	12.38
scaffold_5	16000000	17000000	10.90
scaffold_5	17000000	18000000	11.31
scaffold_5	18000000	19000000	11.50
scaffold_5	19000000	20000000	10.87
scaffold_5	20000000	21000000	9.72
scaffold_5	21000000	22000000	12.34
scaffold_5	22000000	23000000	12.24
scaffold_5	23000000	24000000	11.96
scaffold_5	24000000	25000000	10.79
scaffold_5	25000000	26000000	11.64
scaffold_5	26000000	27000000	11.75
scaffold_5	27000000	28000000	11.95
scaffold_5	28000000	29000000	11.86
scaffold_5	29000000	30000000	12.28
scaffold_5	30000000	31000000	11.45
scaffold_5	31000000	32000000	11.72
scaffold_5	32000000	33000000	12.38
scaffold_5	33000000	34000000	12.36
scaffold_5	34000000	35000000	12.22
scaffold_5	35000000	36000000	13.02
scaffold_5	36000000	37000000	12.47
scaffold_5	37000000	38000000	11.99
scaffold_5	38000000	39000000	11.76
scaffold_5	39000000	40000000	12.83
scaffold_5	40000000	41000000	12.34
scaffold_5	41000000	42000000	12.22
scaffold_5	42000000	43000000	13.01
scaffold_5	43000000	44000000	12.51
scaffold_5	44000000	45000000	12.29
scaffold_5	45000000	46000000	12.98
scaffold_5	46000000	47000000	12.60
scaffold_5	47000000	48000000	12.94
scaffold_5	48000000	49000000	12.86
scaffold_5	49000000	50000000	12.97
scaffold_5	50000000	51000000	12.47
scaffold_5	51000000	52000000	11.90
scaffold_5	52000000	53000000	13.20
scaffold_5	53000000	54000000	13.24
scaffold_5	54000000	55000000	12.80
scaffold_5	55000000	56000000	13.10
scaffold_5	56000000	57000000	12.99
scaffold_5	57000000	58000000	12.78
scaffold_5	58000000	59000000	12.88
scaffold_5	59000000	60000000	12.99
scaffold_5	60000000	61000000	12.57
scaffold_5	61000000	62000000	12.73
scaffold_5	62000000	63000000	12.21
scaffold_5	63000000	64000000	12.39
scaffold_5	64000000	65000000	12.78
scaffold_5	65000000	66000000	12.86
scaffold_5	66000000	67000000	12.72
scaffold_5	67000000	68000000	12.29
scaffold_5	68000000	69000000	12.79
scaffold_5	69000000	70000000	12.61
scaffold_5	70000000	71000000	12.59
scaffold_5	71000000	72000000	12.66
scaffold_5	72000000	73000000	12.51
scaffold_5	73000000	74000000	12.35
scaffold_5	74000000	75000000	12.28
scaffold_5	75000000	76000000	11.99
scaffold_5	76000000	77000000	11.70
scaffold_5	77000000	78000000	12.76
scaffold_5	78000000	79000000	11.90
scaffold_5	79000000	80000000	13.76
scaffold_5	80000000	81000000	13.59
scaffold_5	81000000	82000000	12.24
scaffold_5	82000000	83000000	11.91
scaffold_5	83000000	84000000	12.20
scaffold_5	84000000	85000000	11.39
scaffold_5	85000000	86000000	11.71
scaffold_5	86000000	87000000	11.47
scaffold_5	87000000	88000000	11.96
scaffold_5	88000000	89000000	12.00
scaffold_5	89000000	90000000	11.55
scaffold_5	90000000	91000000	10.97
scaffold_5	91000000	92000000	11.90
scaffold_5	92000000	93000000	11.59
scaffold_5	93000000	94000000	11.52
scaffold_5	94000000	95000000	11.10
scaffold_5	95000000	96000000	10.27
scaffold_5	96000000	97000000	9.91
scaffold_5	97000000	98000000	10.52
scaffold_5	98000000	99000000	10.53
scaffold_5	99000000	100000000	11.12
scaffold_5	100000000	101000000	9.84
scaffold_5	101000000	102000000	9.89
scaffold_5	102000000	103000000	10.60
scaffold_5	103000000	104000000	10.52
scaffold_5	104000000	105000000	9.72
scaffold_5	105000000	106000000	9.00
scaffold_5	106000000	107000000	9.79
scaffold_5	107000000	108000000	8.88
scaffold_5	108000000	109000000	9.41
scaffold_5	109000000	110000000	8.47
scaffold_5	110000000	111000000	9.52
scaffold_5	111000000	112000000	10.04
scaffold_5	112000000	113000000	10.20
scaffold_5	113000000	114000000	11.98
scaffold_5	114000000	115000000	11.61
scaffold_5	115000000	116000000	10.28
scaffold_5	116000000	117000000	9.55
scaffold_5	117000000	118000000	9.41
scaffold_5	118000000	119000000	10.49
scaffold_5	119000000	120000000	10.66
scaffold_5	120000000	121000000	10.83
scaffold_5	121000000	122000000	10.30
scaffold_5	122000000	123000000	9.95
scaffold_5	123000000	124000000	10.48
scaffold_5	124000000	125000000	10.03
scaffold_5	125000000	126000000	10.49
scaffold_5	126000000	127000000	10.16
scaffold_5	127000000	128000000	10.47
scaffold_5	128000000	129000000	9.87
scaffold_5	129000000	130000000	10.15
scaffold_5	130000000	131000000	9.60
scaffold_5	131000000	132000000	10.77
scaffold_5	132000000	133000000	10.64
scaffold_5	133000000	134000000	11.83
scaffold_5	134000000	135000000	11.32
scaffold_5	135000000	136000000	11.39
scaffold_5	136000000	137000000	11.05
scaffold_5	137000000	138000000	11.07
scaffold_5	138000000	139000000	11.69
scaffold_5	139000000	140000000	12.22
scaffold_5	140000000	141000000	12.37
scaffold_5	141000000	142000000	11.75
scaffold_5	142000000	143000000	11.85
scaffold_5	143000000	144000000	11.11
scaffold_5	144000000	145000000	11.54
scaffold_5	145000000	146000000	12.01
scaffold_5	146000000	147000000	12.00
scaffold_5	147000000	148000000	11.11
scaffold_5	148000000	149000000	12.43
scaffold_5	149000000	150000000	12.32
scaffold_5	150000000	151000000	11.84
scaffold_5	151000000	152000000	12.34
scaffold_5	152000000	153000000	12.53
scaffold_5	153000000	154000000	11.73
scaffold_5	154000000	155000000	12.65
scaffold_5	155000000	156000000	12.80
scaffold_5	156000000	157000000	12.52
scaffold_5	157000000	158000000	12.60
scaffold_5	158000000	159000000	12.36
scaffold_5	159000000	160000000	12.82
scaffold_5	160000000	161000000	12.61
scaffold_5	161000000	162000000	12.95
scaffold_5	162000000	163000000	12.01
scaffold_5	163000000	164000000	11.81
scaffold_5	164000000	165000000	11.69
scaffold_5	165000000	166000000	11.35
scaffold_5	166000000	167000000	12.60
scaffold_5	167000000	168000000	12.36
scaffold_5	168000000	169000000	12.74
scaffold_5	169000000	170000000	12.29
scaffold_5	170000000	171000000	11.90
scaffold_5	171000000	172000000	11.86
scaffold_5	172000000	173000000	11.56
scaffold_5	173000000	174000000	11.83
scaffold_5	174000000	175000000	11.71
scaffold_5	175000000	176000000	11.79
scaffold_5	176000000	177000000	11.69
scaffold_5	177000000	178000000	11.70
scaffold_5	178000000	179000000	11.57
scaffold_5	179000000	180000000	12.07
scaffold_5	180000000	181000000	11.91
scaffold_5	181000000	182000000	12.35
scaffold_5	182000000	183000000	12.90
scaffold_5	183000000	184000000	11.60
scaffold_5	184000000	185000000	11.84
scaffold_5	185000000	186000000	12.36
scaffold_5	186000000	187000000	12.27
scaffold_5	187000000	188000000	11.91
scaffold_5	188000000	189000000	10.72
scaffold_5	189000000	190000000	10.51
scaffold_5	190000000	191000000	10.61
scaffold_5	191000000	192000000	11.30
scaffold_5	192000000	193000000	10.32
scaffold_5	193000000	194000000	9.77
scaffold_5	194000000	195000000	9.88
scaffold_5	195000000	196000000	9.54
scaffold_5	196000000	197000000	9.83
scaffold_5	197000000	198000000	9.88
scaffold_5	198000000	199000000	10.16
scaffold_5	199000000	200000000	9.42
scaffold_5	200000000	201000000	9.81
scaffold_5	201000000	202000000	10.39
scaffold_5	202000000	203000000	9.39
scaffold_5	203000000	204000000	9.25
scaffold_5	204000000	205000000	9.25
scaffold_5	205000000	206000000	7.67
scaffold_5	205893075	206893075	9.03
scaffold_6	0	1000000	7.44
scaffold_6	1000000	2000000	8.18
scaffold_6	2000000	3000000	8.13
scaffold_6	3000000	4000000	10.17
scaffold_6	4000000	5000000	8.81
scaffold_6	5000000	6000000	9.19
scaffold_6	6000000	7000000	8.48
scaffold_6	7000000	8000000	8.95
scaffold_6	8000000	9000000	10.13
scaffold_6	9000000	10000000	9.58
scaffold_6	10000000	11000000	8.64
scaffold_6	11000000	12000000	8.18
scaffold_6	12000000	13000000	10.87
scaffold_6	13000000	14000000	10.07
scaffold_6	14000000	15000000	11.98
scaffold_6	15000000	16000000	8.77
scaffold_6	16000000	17000000	10.49
scaffold_6	17000000	18000000	11.91
scaffold_6	18000000	19000000	11.83
scaffold_6	19000000	20000000	11.79
scaffold_6	20000000	21000000	11.40
scaffold_6	21000000	22000000	10.48
scaffold_6	22000000	23000000	11.34
scaffold_6	23000000	24000000	11.02
scaffold_6	24000000	25000000	11.64
scaffold_6	25000000	26000000	10.39
scaffold_6	26000000	27000000	9.29
scaffold_6	27000000	28000000	12.03
scaffold_6	28000000	29000000	11.01
scaffold_6	29000000	30000000	11.56
scaffold_6	30000000	31000000	11.22
scaffold_6	31000000	32000000	11.08
scaffold_6	32000000	33000000	11.41
scaffold_6	33000000	34000000	11.31
scaffold_6	34000000	35000000	11.52
scaffold_6	35000000	36000000	11.17
scaffold_6	36000000	37000000	10.98
scaffold_6	37000000	38000000	10.34
scaffold_6	38000000	39000000	10.87
scaffold_6	39000000	40000000	10.31
scaffold_6	40000000	41000000	11.07
scaffold_6	41000000	42000000	13.78
scaffold_6	42000000	43000000	10.75
scaffold_6	43000000	44000000	11.25
scaffold_6	44000000	45000000	11.32
scaffold_6	45000000	46000000	10.76
scaffold_6	46000000	47000000	10.18
scaffold_6	47000000	48000000	9.65
scaffold_6	48000000	49000000	9.36
scaffold_6	49000000	50000000	9.33
scaffold_6	50000000	51000000	10.85
scaffold_6	51000000	52000000	10.26
scaffold_6	52000000	53000000	10.07
scaffold_6	53000000	54000000	10.18
scaffold_6	54000000	55000000	9.42
scaffold_6	55000000	56000000	10.72
scaffold_6	56000000	57000000	10.99
scaffold_6	57000000	58000000	12.86
scaffold_6	58000000	59000000	11.79
scaffold_6	59000000	60000000	10.19
scaffold_6	60000000	61000000	9.79
scaffold_6	61000000	62000000	10.18
scaffold_6	62000000	63000000	9.70
scaffold_6	63000000	64000000	9.00
scaffold_6	64000000	65000000	9.86
scaffold_6	65000000	66000000	9.97
scaffold_6	66000000	67000000	9.92
scaffold_6	67000000	68000000	10.18
scaffold_6	68000000	69000000	10.32
scaffold_6	69000000	70000000	10.33
scaffold_6	70000000	71000000	10.09
scaffold_6	71000000	72000000	10.51
scaffold_6	72000000	73000000	11.04
scaffold_6	73000000	74000000	10.99
scaffold_6	74000000	75000000	11.13
scaffold_6	75000000	76000000	10.78
scaffold_6	76000000	77000000	11.63
scaffold_6	77000000	78000000	11.40
scaffold_6	78000000	79000000	11.37
scaffold_6	79000000	80000000	13.86
scaffold_6	80000000	81000000	12.16
scaffold_6	81000000	82000000	12.42
scaffold_6	82000000	83000000	12.58
scaffold_6	83000000	84000000	11.57
scaffold_6	84000000	85000000	12.79
scaffold_6	85000000	86000000	12.49
scaffold_6	86000000	87000000	12.19
scaffold_6	87000000	88000000	12.64
scaffold_6	88000000	89000000	12.71
scaffold_6	89000000	90000000	12.31
scaffold_6	90000000	91000000	12.45
scaffold_6	91000000	92000000	12.53
scaffold_6	92000000	93000000	12.63
scaffold_6	93000000	94000000	12.07
scaffold_6	94000000	95000000	11.85
scaffold_6	95000000	96000000	12.28
scaffold_6	96000000	97000000	12.94
scaffold_6	97000000	98000000	13.33
scaffold_6	98000000	99000000	11.69
scaffold_6	99000000	100000000	12.16
scaffold_6	100000000	101000000	12.80
scaffold_6	101000000	102000000	12.43
scaffold_6	102000000	103000000	12.13
scaffold_6	103000000	104000000	12.59
scaffold_6	104000000	105000000	12.61
scaffold_6	105000000	106000000	12.60
scaffold_6	106000000	107000000	12.30
scaffold_6	107000000	108000000	12.56
scaffold_6	108000000	109000000	12.63
scaffold_6	109000000	110000000	12.51
scaffold_6	110000000	111000000	11.39
scaffold_6	111000000	112000000	12.16
scaffold_6	112000000	113000000	12.17
scaffold_6	113000000	114000000	12.47
scaffold_6	114000000	115000000	12.56
scaffold_6	115000000	116000000	8.88
scaffold_6	116000000	117000000	6.74
scaffold_6	117000000	118000000	6.62
scaffold_6	118000000	119000000	6.44
scaffold_6	119000000	120000000	5.92
scaffold_6	120000000	121000000	5.98
scaffold_6	121000000	122000000	5.95
scaffold_6	122000000	123000000	6.00
scaffold_6	123000000	124000000	6.04
scaffold_6	124000000	125000000	6.49
scaffold_6	125000000	126000000	6.05
scaffold_6	126000000	127000000	5.80
scaffold_6	127000000	128000000	6.38
scaffold_6	128000000	129000000	5.49
scaffold_6	129000000	130000000	6.82
scaffold_6	130000000	131000000	6.64
scaffold_6	131000000	132000000	5.51
scaffold_6	132000000	133000000	7.93
scaffold_6	133000000	134000000	5.36
scaffold_6	134000000	135000000	5.21
scaffold_6	134963048	135963048	5.29
scaffold_7	0	1000000	7.11
scaffold_7	1000000	2000000	9.08
scaffold_7	2000000	3000000	8.45
scaffold_7	3000000	4000000	9.41
scaffold_7	4000000	5000000	9.79
scaffold_7	5000000	6000000	8.39
scaffold_7	6000000	7000000	8.78
scaffold_7	7000000	8000000	8.79
scaffold_7	8000000	9000000	9.68
scaffold_7	9000000	10000000	10.85
scaffold_7	10000000	11000000	10.40
scaffold_7	11000000	12000000	10.26
scaffold_7	12000000	13000000	10.63
scaffold_7	13000000	14000000	10.15
scaffold_7	14000000	15000000	9.69
scaffold_7	15000000	16000000	9.74
scaffold_7	16000000	17000000	11.17
scaffold_7	17000000	18000000	11.93
scaffold_7	18000000	19000000	10.86
scaffold_7	19000000	20000000	12.43
scaffold_7	20000000	21000000	10.12
scaffold_7	21000000	22000000	7.45
scaffold_7	22000000	23000000	7.52
scaffold_7	23000000	24000000	7.20
scaffold_7	24000000	25000000	7.18
scaffold_7	25000000	26000000	6.82
scaffold_7	26000000	27000000	6.63
scaffold_7	27000000	28000000	7.57
scaffold_7	28000000	29000000	7.47
scaffold_7	29000000	30000000	7.11
scaffold_7	30000000	31000000	7.32
scaffold_7	31000000	32000000	7.18
scaffold_7	32000000	33000000	7.45
scaffold_7	33000000	34000000	6.61
scaffold_7	34000000	35000000	7.87
scaffold_7	35000000	36000000	7.33
scaffold_7	36000000	37000000	7.32
scaffold_7	37000000	38000000	7.60
scaffold_7	38000000	39000000	7.07
scaffold_7	39000000	40000000	7.83
scaffold_7	40000000	41000000	8.87
scaffold_7	41000000	42000000	8.21
scaffold_7	42000000	43000000	8.07
scaffold_7	43000000	44000000	8.27
scaffold_7	44000000	45000000	8.92
scaffold_7	45000000	46000000	8.08
scaffold_7	46000000	47000000	7.69
scaffold_7	47000000	48000000	8.08
scaffold_7	48000000	49000000	6.98
scaffold_7	49000000	50000000	10.46
scaffold_7	50000000	51000000	7.52
scaffold_7	51000000	52000000	6.78
scaffold_7	52000000	53000000	7.00
scaffold_7	53000000	54000000	7.34
scaffold_7	54000000	55000000	7.55
scaffold_7	55000000	56000000	7.21
scaffold_7	56000000	57000000	6.87
scaffold_7	57000000	58000000	6.50
scaffold_7	58000000	59000000	6.76
scaffold_7	59000000	60000000	7.41
scaffold_7	60000000	61000000	6.91
scaffold_7	61000000	62000000	6.77
scaffold_7	62000000	63000000	8.86
scaffold_7	63000000	64000000	7.78
scaffold_7	64000000	65000000	7.98
scaffold_7	65000000	66000000	7.06
scaffold_7	66000000	67000000	7.30
scaffold_7	67000000	68000000	7.95
scaffold_7	68000000	69000000	7.60
scaffold_7	69000000	70000000	8.04
scaffold_7	70000000	71000000	7.54
scaffold_7	71000000	72000000	7.14
scaffold_7	72000000	73000000	7.64
scaffold_7	73000000	74000000	8.23
scaffold_7	74000000	75000000	9.17
scaffold_7	75000000	76000000	7.83
scaffold_7	76000000	77000000	7.63
scaffold_7	77000000	78000000	9.84
scaffold_7	78000000	79000000	7.79
scaffold_7	79000000	80000000	8.72
scaffold_7	80000000	81000000	8.17
scaffold_7	81000000	82000000	7.11
scaffold_7	82000000	83000000	8.08
scaffold_7	83000000	84000000	7.39
scaffold_7	84000000	85000000	9.07
scaffold_7	85000000	86000000	7.81
scaffold_7	86000000	87000000	8.02
scaffold_7	87000000	88000000	8.36
scaffold_7	88000000	89000000	7.89
scaffold_7	89000000	90000000	7.76
scaffold_7	90000000	91000000	7.38
scaffold_7	91000000	92000000	8.92
scaffold_7	92000000	93000000	12.52
scaffold_7	93000000	94000000	12.55
scaffold_7	94000000	95000000	11.53
scaffold_7	95000000	96000000	12.21
scaffold_7	96000000	97000000	10.33
scaffold_7	97000000	98000000	6.56
scaffold_7	98000000	99000000	6.12
scaffold_7	99000000	100000000	6.51
scaffold_7	100000000	101000000	6.29
scaffold_7	101000000	102000000	6.74
scaffold_7	102000000	103000000	6.79
scaffold_7	103000000	104000000	7.20
scaffold_7	104000000	105000000	6.75
scaffold_7	105000000	106000000	6.62
scaffold_7	106000000	107000000	6.03
scaffold_7	107000000	108000000	5.89
scaffold_7	108000000	109000000	7.24
scaffold_7	109000000	110000000	6.58
scaffold_7	109948685	110948685	6.43
PGA_Y	0	1000000	0.00
PGA_Y	1000000	2000000	0.00
PGA_Y	2000000	3000000	0.00
PGA_Y	3000000	4000000	0.00
PGA_Y	4000000	5000000	0.00
PGA_Y	5000000	6000000	0.00
PGA_Y	6000000	7000000	0.00
PGA_Y	7000000	8000000	0.00
PGA_Y	8000000	9000000	0.00
PGA_Y	9000000	10000000	0.00
PGA_Y	10000000	11000000	0.00
PGA_Y	11000000	12000000	0.00
PGA_Y	12000000	13000000	0.00
PGA_Y	13000000	14000000	0.00
PGA_Y	14000000	15000000	0.00
PGA_Y	15000000	16000000	0.00
PGA_Y	16000000	17000000	0.00
PGA_Y	17000000	18000000	0.00
PGA_Y	18000000	19000000	0.00
PGA_Y	19000000	20000000	0.00
PGA_Y	20000000	21000000	0.00
PGA_Y	21000000	22000000	9.70
PGA_Y	22000000	23000000	10.65
PGA_Y	23000000	24000000	7.99
PGA_Y	24000000	25000000	9.23
PGA_Y	25000000	26000000	11.37
PGA_Y	26000000	27000000	10.05
PGA_Y	27000000	28000000	15.95
PGA_Y	28000000	29000000	15.42
PGA_Y	29000000	30000000	8.98
PGA_Y	30000000	31000000	6.60
PGA_Y	31000000	32000000	12.83
PGA_Y	32000000	33000000	20.71
PGA_Y	33000000	34000000	8.50
PGA_Y	34000000	35000000	16.31
PGA_Y	35000000	36000000	15.34
PGA_Y	36000000	37000000	11.77
PGA_Y	37000000	38000000	14.99
PGA_Y	38000000	39000000	14.14
PGA_Y	39000000	40000000	12.51
PGA_Y	40000000	41000000	10.96
PGA_Y	41000000	42000000	14.91
PGA_Y	42000000	43000000	8.99
PGA_Y	43000000	44000000	17.01
PGA_Y	44000000	45000000	4.78
PGA_Y	45000000	46000000	18.75
PGA_Y	46000000	47000000	11.30
PGA_Y	47000000	48000000	13.31
PGA_Y	48000000	49000000	14.26
PGA_Y	49000000	50000000	20.56
PGA_Y	50000000	51000000	10.80
PGA_Y	51000000	52000000	15.68
PGA_Y	52000000	53000000	15.26
PGA_Y	53000000	54000000	20.05
PGA_Y	54000000	55000000	12.93
PGA_Y	55000000	56000000	12.73
PGA_Y	56000000	57000000	19.69
PGA_Y	57000000	58000000	12.18
PGA_Y	58000000	59000000	17.27
PGA_Y	59000000	60000000	18.02
PGA_Y	60000000	61000000	33.33
PGA_Y	61000000	62000000	13.77
PGA_Y	62000000	63000000	13.83
PGA_Y	63000000	64000000	19.87
PGA_Y	64000000	65000000	17.76
PGA_Y	65000000	66000000	11.60
PGA_Y	66000000	67000000	11.76
PGA_Y	67000000	68000000	12.04
PGA_Y	68000000	69000000	16.08
PGA_Y	69000000	70000000	16.07
PGA_Y	70000000	71000000	4.45
PGA_Y	71000000	72000000	0.00
PGA_Y	72000000	73000000	0.00
PGA_Y	73000000	74000000	0.00
PGA_Y	74000000	75000000	0.00
PGA_Y	75000000	76000000	0.00
PGA_Y	76000000	77000000	0.00
PGA_Y	77000000	78000000	0.00
PGA_Y	78000000	79000000	0.00
PGA_Y	79000000	80000000	0.00
PGA_Y	80000000	81000000	0.00
PGA_Y	81000000	82000000	0.00
PGA_Y	82000000	83000000	0.00
PGA_Y	83000000	84000000	0.00
PGA_Y	84000000	85000000	0.00
PGA_Y	85000000	86000000	0.00
PGA_Y	86000000	87000000	0.00
PGA_Y	87000000	88000000	0.00
PGA_Y	88000000	89000000	0.00
PGA_Y	89000000	90000000	0.00
PGA_Y	89557964	90557964	0.00
scaffold_8	0	1000000	7.48
scaffold_8	1000000	2000000	7.63
scaffold_8	2000000	3000000	8.28
scaffold_8	3000000	4000000	8.45
scaffold_8	4000000	5000000	7.87
scaffold_8	5000000	6000000	7.88
scaffold_8	6000000	7000000	7.52
scaffold_8	7000000	8000000	8.00
scaffold_8	8000000	9000000	8.16
scaffold_8	9000000	10000000	7.90
scaffold_8	10000000	11000000	8.47
scaffold_8	11000000	12000000	8.79
scaffold_8	12000000	13000000	8.93
scaffold_8	13000000	14000000	9.72
scaffold_8	14000000	15000000	11.74
scaffold_8	15000000	16000000	13.69
scaffold_8	16000000	17000000	10.98
scaffold_8	17000000	18000000	10.04
scaffold_8	18000000	19000000	9.09
scaffold_8	19000000	20000000	9.40
scaffold_8	20000000	21000000	9.63
scaffold_8	21000000	22000000	9.82
scaffold_8	22000000	23000000	10.45
scaffold_8	23000000	24000000	9.59
scaffold_8	24000000	25000000	11.54
scaffold_8	25000000	26000000	10.39
scaffold_8	26000000	27000000	11.13
scaffold_8	27000000	28000000	11.36
scaffold_8	28000000	29000000	10.55
scaffold_8	29000000	30000000	10.34
scaffold_8	30000000	31000000	11.50
scaffold_8	31000000	32000000	10.70
scaffold_8	32000000	33000000	10.80
scaffold_8	33000000	34000000	10.73
scaffold_8	34000000	35000000	9.96
scaffold_8	35000000	36000000	9.71
scaffold_8	36000000	37000000	10.57
scaffold_8	37000000	38000000	10.13
scaffold_8	38000000	39000000	10.23
scaffold_8	39000000	40000000	10.47
scaffold_8	40000000	41000000	10.10
scaffold_8	41000000	42000000	9.63
scaffold_8	42000000	43000000	9.85
scaffold_8	43000000	44000000	9.85
scaffold_8	44000000	45000000	13.77
scaffold_8	45000000	46000000	10.77
scaffold_8	46000000	47000000	8.62
scaffold_8	46139513	47139513	7.31
scaffold_9	0	1000000	8.77
scaffold_9	1000000	2000000	7.47
scaffold_9	2000000	3000000	7.09
scaffold_9	3000000	4000000	8.06
scaffold_9	4000000	5000000	7.66
scaffold_9	5000000	6000000	7.49
scaffold_9	6000000	7000000	8.51
scaffold_9	7000000	8000000	8.65
scaffold_9	8000000	9000000	8.10
scaffold_9	9000000	10000000	8.52
scaffold_9	10000000	11000000	11.81
scaffold_9	11000000	12000000	9.33
scaffold_9	12000000	13000000	10.24
scaffold_9	13000000	14000000	12.21
scaffold_9	14000000	15000000	9.08
scaffold_9	15000000	16000000	8.19
scaffold_9	16000000	17000000	9.35
scaffold_9	17000000	18000000	9.57
scaffold_9	18000000	19000000	8.92
scaffold_9	19000000	20000000	9.85
scaffold_9	20000000	21000000	10.19
scaffold_9	21000000	22000000	10.43
scaffold_9	22000000	23000000	10.93
scaffold_9	23000000	24000000	10.70
scaffold_9	24000000	25000000	9.77
scaffold_9	25000000	26000000	10.92
scaffold_9	26000000	27000000	10.51
scaffold_9	27000000	28000000	10.19
scaffold_9	28000000	29000000	11.60
scaffold_9	29000000	30000000	10.17
scaffold_9	30000000	31000000	10.70
scaffold_9	31000000	32000000	10.22
scaffold_9	32000000	33000000	9.77
scaffold_9	33000000	34000000	9.72
scaffold_9	34000000	35000000	9.95
scaffold_9	35000000	36000000	9.72
scaffold_9	36000000	37000000	9.67
scaffold_9	37000000	38000000	9.12
scaffold_9	38000000	39000000	9.57
scaffold_9	39000000	40000000	9.34
scaffold_9	40000000	41000000	9.45
scaffold_9	41000000	42000000	9.91
scaffold_9	42000000	43000000	8.65
scaffold_9	43000000	44000000	8.72
scaffold_9	44000000	45000000	9.48
scaffold_9	44588774	45588774	9.51
scaffold_10	0	1000000	10.68
scaffold_10	1000000	2000000	10.04
scaffold_10	2000000	3000000	10.84
scaffold_10	3000000	4000000	9.39
scaffold_10	4000000	5000000	9.42
scaffold_10	5000000	6000000	9.06
scaffold_10	6000000	7000000	25.50
scaffold_10	7000000	8000000	10.95
scaffold_10	8000000	9000000	10.43
scaffold_10	9000000	10000000	11.19
scaffold_10	10000000	11000000	11.11
scaffold_10	11000000	12000000	11.29
scaffold_10	12000000	13000000	15.31
scaffold_10	13000000	14000000	11.66
scaffold_10	14000000	15000000	11.96
scaffold_10	15000000	16000000	12.08
scaffold_10	16000000	17000000	11.94
scaffold_10	17000000	18000000	11.61
scaffold_10	18000000	19000000	12.16
scaffold_10	19000000	20000000	11.96
scaffold_10	20000000	21000000	13.59
scaffold_10	21000000	22000000	9.57
scaffold_10	22000000	23000000	9.22
scaffold_10	23000000	24000000	10.56
scaffold_10	24000000	25000000	10.41
scaffold_10	25000000	26000000	9.48
scaffold_10	26000000	27000000	12.80
scaffold_10	27000000	28000000	10.63
scaffold_10	28000000	29000000	9.80
scaffold_10	29000000	30000000	8.26
scaffold_10	30000000	31000000	8.08
scaffold_10	31000000	32000000	8.93
scaffold_10	32000000	33000000	8.86
scaffold_10	33000000	34000000	18.25
scaffold_10	34000000	35000000	8.38
scaffold_10	35000000	36000000	9.97
scaffold_10	36000000	37000000	8.53
scaffold_10	37000000	38000000	7.19
scaffold_10	38000000	39000000	7.80
scaffold_10	38276609	39276609	8.28
scaffold_11	0	1000000	9.96
scaffold_11	1000000	2000000	10.86
scaffold_11	2000000	3000000	9.55
scaffold_11	3000000	4000000	9.37
scaffold_11	4000000	5000000	9.08
scaffold_11	5000000	6000000	11.56
scaffold_11	6000000	7000000	9.25
scaffold_11	7000000	8000000	8.96
scaffold_11	8000000	9000000	10.18
scaffold_11	9000000	10000000	10.08
scaffold_11	10000000	11000000	10.16
scaffold_11	11000000	12000000	9.44
scaffold_11	12000000	13000000	10.21
scaffold_11	13000000	14000000	10.68
scaffold_11	14000000	15000000	10.84
scaffold_11	15000000	16000000	10.07
scaffold_11	16000000	17000000	10.32
scaffold_11	17000000	18000000	10.80
scaffold_11	18000000	19000000	11.19
scaffold_11	19000000	20000000	10.92
scaffold_11	20000000	21000000	11.02
scaffold_11	21000000	22000000	10.51
scaffold_11	22000000	23000000	11.01
scaffold_11	23000000	24000000	10.80
scaffold_11	24000000	25000000	10.70
scaffold_11	25000000	26000000	9.02
scaffold_11	26000000	27000000	8.67
scaffold_11	27000000	28000000	8.45
scaffold_11	28000000	29000000	8.43
scaffold_11	29000000	30000000	8.15
scaffold_11	30000000	31000000	9.47
scaffold_11	31000000	32000000	14.79
scaffold_11	32000000	33000000	9.28
scaffold_11	33000000	34000000	8.68
scaffold_11	34000000	35000000	7.80
scaffold_11	35000000	36000000	7.13
scaffold_11	36000000	37000000	7.76
scaffold_11	37000000	38000000	8.22
scaffold_11	37356760	38356760	8.52
scaffold_12	0	1000000	7.38
scaffold_12	1000000	2000000	8.77
scaffold_12	2000000	3000000	9.45
scaffold_12	3000000	4000000	7.67
scaffold_12	4000000	5000000	8.97
scaffold_12	5000000	6000000	9.46
scaffold_12	6000000	7000000	7.63
scaffold_12	7000000	8000000	9.31
scaffold_12	8000000	9000000	12.08
scaffold_12	9000000	10000000	9.68
scaffold_12	10000000	11000000	9.44
scaffold_12	11000000	12000000	8.59
scaffold_12	12000000	13000000	9.59
scaffold_12	13000000	14000000	9.43
scaffold_12	14000000	15000000	10.01
scaffold_12	15000000	16000000	10.65
scaffold_12	16000000	17000000	11.63
scaffold_12	17000000	18000000	8.88
scaffold_12	18000000	19000000	8.85
scaffold_12	19000000	20000000	10.38
scaffold_12	20000000	21000000	10.99
scaffold_12	21000000	22000000	8.99
scaffold_12	22000000	23000000	9.32
scaffold_12	23000000	24000000	9.29
scaffold_12	24000000	25000000	9.09
scaffold_12	25000000	26000000	8.88
scaffold_12	26000000	27000000	11.45
scaffold_12	27000000	28000000	8.77
scaffold_12	28000000	29000000	9.31
scaffold_12	29000000	30000000	10.11
scaffold_12	30000000	31000000	10.32
scaffold_12	31000000	32000000	9.20
scaffold_12	32000000	33000000	7.22
scaffold_12	33000000	34000000	8.02
scaffold_12	34000000	35000000	9.96
scaffold_12	35000000	36000000	10.64
scaffold_12	35225908	36225908	14.19
scaffold_13	0	1000000	6.25
scaffold_13	1000000	2000000	6.34
scaffold_13	2000000	3000000	8.58
scaffold_13	3000000	4000000	7.68
scaffold_13	4000000	5000000	6.97
scaffold_13	5000000	6000000	7.69
scaffold_13	6000000	7000000	7.91
scaffold_13	7000000	8000000	9.79
scaffold_13	8000000	9000000	9.49
scaffold_13	9000000	10000000	8.78
scaffold_13	10000000	11000000	9.13
scaffold_13	11000000	12000000	10.16
scaffold_13	12000000	13000000	8.36
scaffold_13	13000000	14000000	7.99
scaffold_13	14000000	15000000	9.47
scaffold_13	15000000	16000000	12.05
scaffold_13	16000000	17000000	10.94
scaffold_13	17000000	18000000	8.83
scaffold_13	18000000	19000000	9.09
scaffold_13	19000000	20000000	9.94
scaffold_13	20000000	21000000	9.42
scaffold_13	21000000	22000000	9.95
scaffold_13	22000000	23000000	9.00
scaffold_13	22386130	23386130	8.60
scaffold_14	0	1000000	7.68
scaffold_14	1000000	2000000	8.44
scaffold_14	2000000	3000000	7.49
scaffold_14	3000000	4000000	7.23
scaffold_14	4000000	5000000	6.78
scaffold_14	5000000	6000000	7.33
scaffold_14	6000000	7000000	6.18
scaffold_14	7000000	8000000	8.80
scaffold_14	8000000	9000000	11.11
scaffold_14	9000000	10000000	7.52
scaffold_14	10000000	11000000	9.25
scaffold_14	11000000	12000000	14.52
scaffold_14	12000000	13000000	11.28
scaffold_14	13000000	14000000	12.11
scaffold_14	14000000	15000000	10.77
scaffold_14	15000000	16000000	11.14
scaffold_14	16000000	17000000	11.19
scaffold_14	17000000	18000000	10.45
scaffold_14	18000000	19000000	8.44
scaffold_14	19000000	20000000	10.34
scaffold_14	19517538	20517538	12.10